0.000000000000000000e+00 0.000000000000000000e+00 1.000000000000000000e+00 2.000000000000000000e+00 3.000000000000000000e+00 4.000000000000000000e+00 5.000000000000000000e+00 6.000000000000000000e+00 7.000000000000000000e+00 8.000000000000000000e+00 9.000000000000000000e+00 1.000000000000000000e+01
0.000000000000000000e+00 1.000000000000000000e+00 0.000000000000000000e+00 0.000000000000000000e+00 0.000000000000000000e+00 0.000000000000000000e+00 0.000000000000000000e+00 0.000000000000000000e+00 0.000000000000000000e+00 0.000000000000000000e+00 0.000000000000000000e+00 0.000000000000000000e+00
2.000000000000000111e-01 9.900249722395764174e-01 9.950083263923602261e-02 4.983354152783565048e-03 1.662504164352679719e-04 4.158340274471937793e-06 8.319454360946937003e-08 1.386906001524955940e-09 1.981648202803607268e-11 2.477404375684843475e-13 2.752977442733728920e-15 2.753227755130303632e-17
4.000000000000000222e-01 9.603982266595634254e-01 1.960265779553187482e-01 1.973466311703027040e-02 1.320053214983959089e-03 6.613510772909675080e-05 2.648939597977588381e-06 8.838222034285569084e-08 2.527012308088270725e-09 6.321044023358772968e-11 1.405301255241875242e-12 2.811625229652571502e-14
6.000000000000000888e-01 9.120048634972106605e-01 2.867009880639157515e-01 4.366509671584169194e-02 4.399656708362196210e-03 3.314703677802371962e-04 1.994819537430027087e-05 9.995551247670433703e-07 4.290712104062514658e-08 1.611032847543170439e-09 5.375489385933007504e-11 1.613968236735506824e-12
8.000000000000000444e-01 8.462873527504801707e-01 3.688420460941699286e-01 7.581776248494473402e-02 1.024676633055360449e-02 1.032984994207302451e-03 8.308361151942142192e-05 5.560149785465380226e-06 3.186352625593347308e-07 1.596730932297223263e-08 7.109239001097493559e-10 2.847842949712617055e-11
1.000000000000000000e+00 7.651976865579666054e-01 4.400505857449335534e-01 1.149034849319005014e-01 1.956335398266841399e-02 2.476638964109954821e-03 2.497577302112346598e-04 2.093833800238928991e-05 1.502325817436809756e-06 9.422344172604504510e-08 5.249250179911874059e-09 2.630615123687453955e-10
1.200000000000000178e+00 6.711327442643625352e-01 4.982890575672155320e-01 1.593490183476631850e-01 3.287433692499495963e-02 5.022666277311591508e-03 6.101049237489690122e-04 6.154142059648346245e-05 5.309282215865648720e-06 4.002052552824341377e-07 2.678785456680663303e-08 1.612563219664871223e-09
1.400000000000000133e+00 5.668551203742887568e-01 5.419477139308545022e-01 2.073558995269320915e-01 5.049771328895130695e-02 9.062871711430655827e-03 1.290125062081035447e-03 1.523073034338736666e-04 1.536611020931237073e-05 1.353798659249905178e-06 1.058744678293956953e-07 7.444498556608247107e-09
1.600000000000000089e+00 4.554021676393806839e-01 5.698959352616804752e-01 2.569677514377197713e-01 7.252344333261900866e-02 1.499516105960151634e-02 2.452361965388557847e-03 3.321012240769706395e-04 3.839721518872249813e-05 3.874408824351555464e-06 3.468730547930248519e-07 2.791304206997355393e-08
1.800000000000000044e+00 3.399864110425583341e-01 5.815169517311652436e-01 3.061435353254029490e-01 9.880201565861915225e-02 2.319651686999431653e-02 4.293614874688871097e-03 6.568991004994006446e-04 8.571246197380482756e-05 9.753381519081058573e-06 9.842626402490880855e-07 8.924488340981723955e-08
2.000000000000000000e+00 2.238907791412356185e-01 5.767248077568736253e-01 3.528340286156377292e-01 1.289432494744020830e-01 3.399571980756842943e-02 7.039629755871685927e-03 1.202428971789992838e-03 1.749440748682741346e-04 2.217955228792588455e-05 2.492343435133065444e-06 2.515386282716734702e-07
2.200000000000000178e+00 1.103622669221738239e-01 5.559630498190636372e-01 3.950586874587933006e-01 1.623254728332874930e-01 4.764714754108160394e-02 1.093688186155476749e-02 2.065951829621847247e-03 3.319463000189500144e-04 4.643371595328980509e-05 5.753452368612083014e-06 6.399852444453989955e-07
2.400000000000000355e+00 2.507683297243783107e-03 5.201852681819308932e-01 4.309800401876987541e-01 1.981147987975669100e-01 6.430695680621839605e-02 1.624172388982768334e-02 3.366892734730257773e-03 5.927397838236142004e-04 9.075600424082478301e-05 1.230024444855171647e-05 1.495829123312940997e-06
2.600000000000000089e+00 -9.680495439703841465e-02 4.708182665175785209e-01 4.589728517182528056e-01 2.352938130489638513e-01 8.401287070243310118e-02 2.320732757390727916e-02 5.246081504902564731e-03 1.005356294873807664e-03 1.673754674948615777e-04 2.464658201764810042e-05 3.254715704240446128e-06
2.800000000000000266e+00 -1.850360333643874533e-01 4.097092468522886000e-01 4.776854954017363819e-01 2.726986037216205250e-01 1.066686554303073325e-01 3.206898322211491209e-02 7.863427505817290053e-03 1.631420374244912800e-03 2.936743654072676026e-04 4.671885665376122876e-05 6.661141652625402918e-06
3.000000000000000000e+00 -2.600519549019335019e-01 3.390589585259364824e-01 4.860912605858911939e-01 3.090627222552516096e-01 1.320341839246121640e-01 4.302843487704758468e-02 1.139393233221306159e-02 2.547294451804692043e-03 4.934417762088343573e-04 8.439502130909180074e-05 1.292835164571588302e-05
3.200000000000000178e+00 -3.201881696571229896e-01 2.613432487805046889e-01 4.835277001449385104e-01 3.430663764006682270e-01 1.597217556063144639e-01 5.623801261511794658e-02 1.602203381592903417e-02 3.844614194615970579e-03 7.981532855158399338e-04 1.461522329632255937e-04 2.395302490230390182e-05
3.400000000000000355e+00 -3.642955967620003510e-01 1.792258516815067593e-01 4.697225683393576601e-01 3.733889346000900944e-01 1.891990809549189967e-01 7.178537352913109959e-02 2.193437060134888206e-02 5.630052122688486080e-03 1.248196962662532616e-03 2.438159368999046994e-04 4.259329151343236133e-05
3.600000000000000089e+00 -3.917689837007976572e-01 9.546554717787644750e-02 4.448053987996178904e-01 3.987626737105881003e-01 2.197990573846952955e-01 8.967967603317952840e-02 2.931115381858102886e-02 8.024170028757247192e-03 1.893951848808249436e-03 3.933937437238677211e-04 7.301686981108784107e-05
3.800000000000000266e+00 -4.025564101785641946e-01 1.282100292673155235e-02 4.093043064557913002e-01 4.180256354477855374e-01 2.507361705670279606e-01 1.098399867985892231e-01 3.831642627136447321e-02 1.115925405835129815e-02 2.796614996245594485e-03 6.159669784722541933e-04 1.211233228335010739e-04
4.000000000000000000e+00 -3.971498098638474583e-01 -6.604332802354924425e-02 3.641281458520728154e-01 4.301714738756219347e-01 2.811290649613600312e-01 1.320866560470982942e-01 4.908757515638553781e-02 1.517606942205844238e-02 4.028667820819000975e-03 9.386018612175644473e-04 1.950405546600342136e-04
4.200000000000000178e+00 -3.765570543675675896e-01 -1.386469421260462798e-01 3.105347009742122633e-01 4.343942763872007951e-01 3.100285510075029283e-01 1.561362969604241646e-01 6.172453699350664152e-02 2.021952302102355062e-02 5.673873076571865452e-03 1.395231556393078994e-03 3.056907365413212693e-04
4.400000000000000355e+00 -3.422567900038856470e-01 -2.027755219230867323e-01 2.500860982206644101e-01 4.301265203055089081e-01 3.364500658323020810e-01 1.816008721168587969e-01 7.627918897874037818e-02 2.643327964334227231e-02 7.826700795530477234e-03 2.027450522223106424e-03 4.674149772004060777e-04
4.600000000000000533e+00 -2.961378165741409552e-01 -2.565528360974447253e-01 1.845931052274258632e-01 4.170685797734672295e-01 3.594093901292704230e-01 2.079912291470030206e-01 9.274545584247501084e-02 3.395343826814938709e-02 1.059109540841436485e-02 2.885154456770157739e-03 6.986394224253744418e-04
4.800000000000000711e+00 -2.404253272911832939e-01 -2.984998580995579243e-01 1.160503864163674875e-01 3.952085134465307958e-01 3.779602553917960073e-01 2.347252455397959847e-01 1.110506728161117784e-01 4.290143650048370422e-02 1.407851697696568295e-02 4.026953422735234621e-03 1.022558358291428444e-03
5.000000000000000000e+00 -1.775967713143383753e-01 -3.275791375914651193e-01 4.656511627775230394e-02 3.648312306136669569e-01 3.912323604586481207e-01 2.611405461201700140e-01 1.310487317816920183e-01 5.337641015589070920e-02 1.840521665480198896e-02 5.520283139475695711e-03 1.467802647310473708e-03
5.200000000000000178e+00 -1.102904397909863499e-01 -3.432230058719218380e-01 -2.171840862129126651e-02 3.265165377016978066e-01 3.984682598155579458e-01 2.865115543222374606e-01 1.525154984964369742e-01 6.544728836184798837e-02 2.368873940084614479e-02 7.441140563832464826e-03 2.069054858573910610e-03
5.400000000000000355e+00 -4.121010124499116523e-02 -3.453447907795862415e-01 -8.669537682152227143e-02 2.811259931340142071e-01 3.990575914148713488e-01 3.100704385917211203e-01 1.751469244957231941e-01 7.914494917655265360e-02 3.004368448052444074e-02 9.873375210186465661e-03 2.867566220097046269e-03
5.600000000000000533e+00 2.697088468511476406e-02 -3.343328362910072959e-01 -1.463754690747602061e-01 2.297789298090357202e-01 3.925671795844413170e-01 3.310313267401660542e-01 1.985601895944265616e-01 9.445479381931927432e-02 3.757679495387172830e-02 1.290747747745708829e-02 3.911525509383111977e-03
5.800000000000000711e+00 9.170256757481642929e-02 -3.110277443039423106e-01 -1.989535138865206609e-01 1.738184243822039621e-01 3.787656770405247175e-01 3.486169922254163112e-01 2.222981026584688047e-01 1.113101167231397709e-01 4.638148943186855278e-02 1.663881964063562008e-02 5.256226694241950513e-03
6.000000000000000000e+00 1.506452572509970611e-01 -2.766838581275655184e-01 -2.428732099601855488e-01 1.147683848207751295e-01 3.576415947809606921e-01 3.620870748871723999e-01 2.458368633643266132e-01 1.295866518414807433e-01 5.653199093246179252e-02 2.116532397841737467e-02 6.963981002790321090e-03
6.200000000000000178e+00 2.017472229489042090e-01 -2.329165670732225302e-01 -2.768815994241372591e-01 5.428327712216620554e-02 3.294138030907496906e-01 3.707667913820269501e-01 2.685971507512291967e-01 1.490986616848682667e-01 6.807724660169915676e-02 2.658455535177473364e-02 9.103720548614548796e-03
6.400000000000000355e+00 2.433106048234065788e-01 -1.816375090241832413e-01 -3.000723263934638174e-01 -5.907694971731636789e-03 2.945338623574654258e-01 3.740750229185634268e-01 2.899583609527898731e-01 1.695969038679175644e-01 8.103486625827982515e-02 3.299026177778195679e-02 1.175024499173191704e-02
6.600000000000000533e+00 2.740433606241465814e-01 -1.249801651605628589e-01 -3.119161379455292482e-01 -6.405991844278811909e-02 2.536798484520855212e-01 3.715506438392552901e-01 3.092756725164829690e-01 1.907687607361679971e-01 9.538533510569140172e-02 4.046841527762926743e-02 1.498307019693379503e-02
6.800000000000000711e+00 2.930956031042726284e-01 -6.521866340168558374e-02 -3.122775629282977805e-01 -1.184740206737836810e-01 2.077416623337828006e-01 3.628759763605869382e-01 3.258994793729625972e-01 2.122407519446411761e-01 1.110667746307103382e-01 4.909283542173606407e-02 1.888484854447333716e-02
7.000000000000000000e+00 3.000792705195556298e-01 -4.682823482345734555e-03 -3.014172200859400741e-01 -1.675555879953343208e-01 1.577981446613678784e-01 3.478963247511833168e-01 3.391966049831796615e-01 2.335835695056961703e-01 1.279705340282126236e-01 5.892050827307548228e-02 2.353934438826715825e-02
7.200000000000000178e+00 2.950706914009578741e-01 5.432742022236682761e-02 -2.799797413391893475e-01 -2.098717209663609196e-01 1.050866405338885534e-01 3.266346548929037752e-01 3.485726023729223133e-01 2.543196823953001728e-01 1.459378911734946493e-01 6.998674243468797074e-02 2.902896491322526362e-02
7.400000000000000355e+00 2.785962326574773495e-01 1.096250948539915226e-01 -2.489678286428850251e-01 -2.442022995258212037e-01 5.096596416248953820e-02 2.993006391609450145e-01 3.534943590279766013e-01 2.739334565600979876e-01 1.647581263559923237e-01 8.230033015556095788e-02 3.543186591429103860e-02
7.600000000000000533e+00 2.516018338499761420e-01 1.592137683963568973e-01 -2.097034737456716924e-01 -2.695840177361840673e-01 -3.126013940789427667e-03 2.662934767458794427e-01 3.535121675537886698e-01 2.918836299179973226e-01 1.841682033477852753e-01 9.583890344576116715e-02 4.281867323428061034e-02
7.800000000000000711e+00 2.154078077462627527e-01 2.013568727558963656e-01 -1.637778403729560073e-01 -2.853455088445916998e-01 -5.571870489211452893e-02 2.281981192116537549e-01 3.482803961891065003e-01 3.076178749254330769e-01 2.038542511129528001e-01 1.105446914601111025e-01 5.124888302576510735e-02
8.000000000000000000e+00 1.716508071375539013e-01 2.346363468539146846e-01 -1.129917204240752371e-01 -2.911322070659522754e-01 -1.053574348753889556e-01 1.857747721905633198e-01 3.375759001135931192e-01 3.205890779798263868e-01 2.234549863511030021e-01 1.263208947223796452e-01 6.076702677425116494e-02
8.200000000000001066e+00 1.222153017841371980e-01 2.579985976486809940e-01 -5.928881455275159668e-02 -2.869199706012428019e-01 -1.506526273505967850e-01 1.399417975762703159e-01 3.213133561021459528e-01 3.302728698902845927e-01 2.425671534666325180e-01 1.430288929714373380e-01 7.139870915359572412e-02
8.400000000000000355e+00 6.915726165698513062e-02 2.707862682768353291e-01 -4.684340638691010181e-03 -2.730169066762119789e-01 -1.903277355586032171e-01 9.175239662039938460e-02 2.995567791543167768e-01 3.361858593143388085e-01 2.607529863695812189e-01 1.604864956753397076e-01 8.314664722043239864e-02
8.599999999999999645e+00 1.462299127874111364e-02 2.727548445458806148e-01 4.880836791797531216e-02 -2.500532780724037396e-01 -2.232641433173267742e-01 4.236570289349512325e-02 2.725265885423210910e-01 3.379039555376505688e-01 2.775496181468774526e-01 1.784674270611912028e-01 9.598685709747623029e-02
8.800000000000000711e+00 -3.923380317654204946e-02 2.640737032396775485e-01 9.925055391283239825e-02 -2.189598150974809976e-01 -2.485413369338421719e-01 -6.986854842375531116e-03 2.406017291584154338e-01 3.350801218765783740e-01 2.924802829179592445e-01 1.967022107015293786e-01 1.098651480624417420e-01
9.000000000000000000e+00 -9.033361118287633329e-02 2.453117865733252523e-01 1.448473415325041702e-01 -1.809351903366567260e-01 -2.654708017569419876e-01 -5.503885566951392111e-02 2.043165176797042959e-01 3.274608792424529846e-01 3.050670722530002266e-01 2.148805825406585046e-01 1.246940928283167688e-01
9.200000000000001066e+00 -1.367483707648639579e-01 2.174086549604492824e-01 1.840111218432224915e-01 -1.374038193764395288e-01 -2.736223083930743316e-01 -1.005286227044946412e-01 1.643520663229714740e-01 3.149008831257617547e-01 3.148449297379702361e-01 2.326555164185341862e-01 1.403506458635095655e-01
9.400000000000000355e+00 -1.767715727515079271e-01 1.816322040070215416e-01 2.154167225402359165e-01 -8.996551356436792435e-02 -2.728415184323856324e-01 -1.422400340376623884e-01 1.215223332859362848e-01 2.973749275941768300e-01 3.213764950458164460e-01 2.496488937604043612e-01 1.566745781124047054e-01
9.600000000000001421e+00 -2.089787183688726069e-01 1.395248117406853172e-01 2.380463874815153813e-01 -4.033881695672059814e-02 -2.632581480794657369e-01 -1.790429731095008192e-01 7.675505109040242635e-02 2.749867869725038383e-01 3.242673465778323494e-01 2.654587906572166700e-01 1.734678859044488930e-01
9.800000000000000711e+00 -2.322760275793674667e-01 9.284009111281002480e-02 2.512229849493286538e-01 9.699902744058805718e-03 -2.452842689835783851e-01 -2.099319590571840088e-01 3.106798423134982112e-02 2.479743887282245818e-01 3.231811425232566370e-01 2.796682929423985331e-01 1.904953139015569397e-01
1.000000000000000000e+01 -2.459357644513482655e-01 4.347274616886149384e-02 2.546303136851205684e-01 5.837937930518673907e-02 -2.196026861020085041e-01 -2.340615281867935715e-01 -1.445884208478504483e-02 2.167109176850514907e-01 3.178541268438571099e-01 2.918556852651199018e-01 2.074861066333587023e-01
1.020000000000000107e+01 -2.496170698541267940e-01 -6.615743297724160747e-03 2.483198652859456013e-01 1.039960826255459519e-01 -1.871456990356244465e-01 -2.507770230456435323e-01 -5.871412747971228863e-02 1.817015789518643676e-01 3.081084515312907945e-01 3.016057959991799708e-01 2.241370708202032047e-01
1.040000000000000036e+01 -2.433717507142071357e-01 -5.547276184899811030e-02 2.327039118970921083e-01 1.449742664248027668e-01 -1.490649120366289992e-01 -2.596395833760558047e-01 -1.005885335172708311e-01 1.435758908561279579e-01 2.938637712082123321e-01 3.085222186949678758e-01 2.401169919176935619e-01
1.060000000000000142e+01 -2.276350476206930873e-01 -1.012286625855759875e-01 2.085352999630372406e-01 1.799212286093636037e-01 -1.066930950898125480e-01 -2.604443192431843968e-01 -1.390090928754557364e-01 1.030755348558760609e-01 2.751465917417071361e-01 3.122400753202856372e-01 2.550724040851929386e-01
1.080000000000000071e+01 -2.032019671120389170e-01 -1.421665682987353352e-01 1.768748248344953478e-01 2.076757626818817593e-01 -6.149940112233880096e-02 -2.532308746243549513e-01 -1.729736309372491010e-01 6.103795136074482985e-02 2.520969012196960790e-01 3.124389393351011956e-01 2.686346643388059507e-01
1.100000000000000000e+01 -1.711903004071961276e-01 -1.767852989567215150e-01 1.390475187787013067e-01 2.273480330580674447e-01 -1.503950074702817621e-02 -2.382858517831788481e-01 -2.015840008740435174e-01 1.837603264785865609e-02 2.249716787895000014e-01 3.088555001368686326e-01 2.804282305253759100e-01
1.120000000000000107e+01 -1.329919368595744722e-01 -2.038531458647006578e-01 9.658958938373506109e-02 2.383494277874631528e-01 3.109760407383447070e-02 -2.161368534490099580e-01 -2.240769375104504912e-01 -2.394557959790124743e-02 1.941449630130739346e-01 3.012955267594354392e-01 2.900799907074472217e-01
1.140000000000000036e+01 -9.021450024751954955e-02 -2.224505864149683987e-01 5.118808157822684474e-02 2.404113167932936113e-01 7.534419041824348684e-02 -1.875382007103157112e-01 -2.398513840237835870e-01 -6.493694036735117581e-02 1.601042642744049393e-01 2.896446796998493056e-01 2.972294405148308005e-01
1.160000000000000142e+01 -4.461567409443804172e-02 -2.320004746197559253e-01 4.615592263445642864e-03 2.335920581588751266e-01 1.162078860945931907e-01 -1.534486884384660133e-01 -2.484912381967190609e-01 -1.036112131443468060e-01 1.234432223328522649e-01 2.738777267069016363e-01 3.015394570399260732e-01
1.180000000000000071e+01 1.967173306739974144e-03 -2.322847342673835525e-01 -4.133746725036430147e-02 2.182720335045481852e-01 1.523232469984396320e-01 -1.150020355395043881e-01 -2.497825991505619736e-01 -1.390141669864908003e-01 8.485053662421697396e-02 2.540657420701748492e-01 3.027073750082530657e-01
1.200000000000000000e+01 4.768931079683363938e-02 -2.234471044906274628e-01 -8.493049487860487856e-02 1.951369395310925126e-01 1.824989646441511348e-01 -7.347096310165841804e-02 -2.437247672288664624e-01 -1.702538041272080027e-01 4.509532908045713745e-02 2.303809095678175101e-01 3.004760352712691485e-01
1.220000000000000107e+01 9.077012317050509038e-02 -2.059820216995598696e-01 -1.245376677114165415e-01 1.651499994990954512e-01 2.057589789404798697e-01 -3.022607888238733331e-02 -2.305344534342399776e-01 -1.965291212168650825e-01 5.009232365706306131e-03 2.030986062866438346e-01 2.946444490408173800e-01
1.240000000000000036e+01 1.295610265175022313e-01 -1.807102468826732034e-01 -1.587078405308366136e-01 1.295141692920807608e-01 2.213759869624885857e-01 1.330904810307316673e-02 -2.106428836535586269e-01 -2.171570000258718491e-01 -3.453437444016761032e-02 1.725965168772684855e-01 2.850777053910412140e-01
1.260000000000000142e+01 1.626072717455107619e-01 -1.487423434219600216e-01 -1.862171675267742521e-01 8.962578230234914678e-02 2.288961114802738339e-01 5.570508212957074601e-02 -1.846857288377573847e-01 -2.315962524512444332e-01 -7.264344055251419074e-02 1.393506136544010732e-01 2.717157457730871029e-01
1.280000000000000071e+01 1.887013547806833669e-01 -1.114315592776024683e-01 -2.061125359178087590e-01 4.702139180328721718e-02 2.281538133255996692e-01 9.557474152521255872e-02 -1.534860465090273351e-01 -2.394679101274257149e-01 -1.084319801928445431e-01 1.039279348863700048e-01 2.545806386268023580e-01
1.300000000000000000e+01 2.069261023770677943e-01 -7.031805212177853759e-02 -2.177442642419568086e-01 3.319816970407211357e-03 2.192764874590678315e-01 1.316195599274807004e-01 -1.180306721302365192e-01 -2.405709495861605429e-01 -1.410457351163979522e-01 6.697619867367075874e-02 2.337820102030190028e-01
1.320000000000000107e+01 2.166859222585641453e-01 -2.706670276477808612e-02 -2.207869378289850915e-01 -3.983842991067192141e-02 2.026785605968614845e-01 1.626739211814970387e-01 -7.944074151996984023e-02 -2.348927771087423177e-01 -1.696879614741507170e-01 2.921039956431725412e-02 2.095203245164015127e-01
1.340000000000000036e+01 2.177251787311839659e-01 1.659901986400998120e-02 -2.152477130798391980e-01 -8.085206854455898040e-02 1.790452943285441301e-01 1.877447815765256045e-01 -3.893724837591314158e-02 -2.226139592265970468e-01 -1.936445000697852026e-01 -8.603354289564301913e-03 1.820877555017137439e-01
1.360000000000000142e+01 2.101331613692482558e-01 5.896455724873803789e-02 -2.014619029503162129e-01 -1.182180581164780919e-01 1.493068773106935310e-01 2.060456330051213258e-01 2.197264604836844226e-03 -2.041068701185005663e-01 -2.123072779621168193e-01 -4.566639807222505620e-02 1.518664569841719214e-01
1.380000000000000071e+01 1.943356352156286326e-01 9.839051665835421567e-02 -1.800761400477512153e-01 -1.505864992808907954e-01 1.146037490560595645e-01 2.170234552554180796e-01 4.265962431743179628e-02 -1.799281297619991227e-01 -2.251954081339526681e-01 -8.116799561069962254e-02 1.193241095113009714e-01
1.400000000000000000e+01 1.710734761104586166e-01 1.333751546987933245e-01 -1.520198825820595623e-01 -1.768094068650960526e-01 7.624442249701839092e-02 2.203776482919637125e-01 8.116818342581283430e-02 -1.508049196412669934e-01 -2.319731030670798000e-01 -1.143071981496813355e-01 8.500670544606098167e-02
1.420000000000000107e+01 1.413693846571279222e-01 1.626107342001760492e-01 -1.184664643472439771e-01 -1.959815692275687360e-01 3.565735058911637112e-02 2.160702174467891978e-01 1.165047743734111962e-01 -1.176154785396811980e-01 -2.324636968773221846e-01 -1.443154475192733044e-01 4.952862255711664580e-02
1.440000000000000036e+01 1.064841184903417837e-01 1.850316616145775972e-01 -8.078527659942821848e-02 -2.074720162255298817e-01 -5.661396827875905813e-03 2.043267957655988398e-01 1.475550049984306611e-01 -8.136429160023997409e-02 -2.266591773875528681e-01 -1.704792388303743300e-01 1.356012884958494175e-02
1.460000000000000142e+01 6.786406832337890660e-02 1.998526514474320281e-01 -4.048699278263480361e-02 -2.109449782371949911e-01 -4.620272430114394369e-02 1.856284169762942027e-01 1.733454756547701259e-01 -4.315268356141466199e-02 -2.147247612616060841e-01 -1.921621233006193807e-01 -2.218744554737665797e-02
1.480000000000000071e+01 2.708231458587096602e-02 2.065955671798091475e-01 8.360053032924272135e-04 -2.063696198005409432e-01 -8.449936468189007954e-02 1.606942875400598214e-01 1.930765859927412731e-01 -4.145704302702082206e-03 -1.969981981709729990e-01 -2.088253207469983885e-01 -5.697854327807902464e-02
1.500000000000000000e+01 -1.422447282678081931e-02 2.051040386135227489e-01 4.157167797525051361e-02 -1.940182578201226082e-01 -1.191789811032995666e-01 1.304561345650295245e-01 2.061497374799859117e-01 3.446365541895919649e-02 -1.739836590889573265e-01 -2.200462251138470271e-01 -9.007181104765910051e-02
1.520000000000000107e+01 -5.442079684403915152e-02 1.955454358660210501e-01 8.015045945798929261e-02 -1.744532096928659570e-01 -1.490135685472784854e-01 9.602501572061412916e-02 2.121879209950509049e-01 7.149176401232079647e-02 -1.463402436152817510e-01 -2.255341257126173837e-01 -1.207396420970282963e-01
1.540000000000000036e+01 -9.193622786232148736e-02 1.784002716552014201e-01 1.151050943110489416e-01 -1.485028445614224868e-01 -1.729633454388758707e-01 5.865175602174674957e-02 2.110489012971529521e-01 1.058019333007100271e-01 -1.148653255692347885e-01 -2.251425312947201440e-01 -1.482882824375809094e-01
1.560000000000000142e+01 -1.253259640224809457e-01 1.544395870856743458e-01 1.451259110847469003e-01 -1.172278150126623009e-01 -1.902135322434631570e-01 1.968241386216839153e-02 2.028304642063916141e-01 1.363410201427482371e-01 -8.047313843725859006e-02 -2.188775723860903466e-01 -1.720779066236149124e-01
1.580000000000000071e+01 -1.533257477606868868e-01 1.246913333883752223e-01 1.691094608478229955e-01 -8.187881165474918121e-02 -2.002026804635504975e-01 -1.948963414958016296e-02 1.878674689764744388e-01 1.621737878025986679e-01 -4.416917598683011564e-02 -2.069020672829329777e-01 -1.915420399051187272e-01
1.600000000000000000e+01 -1.748990739836292219e-01 9.039717566130427151e-02 1.861987209412922506e-01 -4.384749542598120192e-02 -2.026415317260352178e-01 -5.747327043703640004e-02 1.667207377028874504e-01 1.825138237142019948e-01 -7.021141952960710184e-03 -1.895349656671626859e-01 -2.062056944225973132e-01
1.619999999999999929e+01 -1.892749469779443916e-01 5.296149912683461441e-02 1.958134036602696415e-01 -4.612510568743337369e-03 -1.975217409079523811e-01 -9.292908987962820999e-02 1.401581051797868016e-01 1.967499085313221541e-01 2.987267997073852696e-02 -1.672460270787408665e-01 -2.157015989471172679e-01
1.640000000000000213e+01 -1.959748287910072495e-01 1.389468068625587804e-02 1.976693020454287075e-01 3.431734420287307213e-02 -1.851141761175483513e-01 -1.246169423089941997e-01 1.091282356852348034e-01 2.044668708591659834e-01 6.541665407258977216e-02 -1.406457449346881494e-01 -2.197839350984669704e-01
1.660000000000000142e+01 -1.948278558055657472e-01 -2.524711156840749385e-02 1.917860351346732939e-01 7.146061401049744188e-02 -1.659568975405175950e-01 -1.514398417408673592e-01 7.472807721469389153e-02 2.054601385225737487e-01 9.855155768386227033e-02 -1.104706853333089073e-01 -2.183390478043177041e-01
1.680000000000000071e+01 -1.859738653476009917e-01 -6.292321765586844640e-02 1.784830061028547521e-01 1.054191714898814747e-01 -1.408333019993256718e-01 -1.724826486324174957e-01 3.816505876574381034e-02 1.997434048936631013e-01 1.282877786456420866e-01 -7.756456808828966765e-02 -2.113926730259524378e-01
1.700000000000000000e+01 -1.698542521511835768e-01 -9.766849275778066719e-02 1.583638412385034722e-01 1.349305730491932587e-01 -1.107412860446705533e-01 -1.870441194231558801e-01 7.153334428141680003e-04 1.875490606769070479e-01 1.537368341734622057e-01 -4.285556969011908995e-02 -1.991133197277059619e-01
1.719999999999999929e+01 -1.471911467660298733e-01 -1.281497056872176188e-01 1.322900181977487433e-01 1.589148261983220067e-01 -7.685461370996200803e-02 -1.946611581564438587e-01 -3.632047824145884229e-02 1.693212896158911851e-01 1.741401325799749045e-01 -7.330468611263347804e-03 -1.818115532196691309e-01
1.740000000000000213e+01 -1.189558563363477539e-01 -1.532161759880175389e-01 1.013448016250813738e-01 1.765138315340132602e-01 -4.047796316507680514e-02 -1.951243893110600758e-01 -7.166249046196919437e-02 1.457019820959089274e-01 1.888939703092522293e-01 2.799362278616206873e-02 -1.599350501856363072e-01
1.760000000000000142e+01 -8.632791549800788999e-02 -1.719427421176322746e-01 6.678896753009513909e-02 1.871220529199265903e-01 -2.997358580120157521e-03 -1.884844886381630280e-01 -1.040961008733815585e-01 1.175098744063119705e-01 1.975698646056751606e-01 6.209909341702907898e-02 -1.340594281564408685e-01
1.780000000000000071e+01 -5.064644607111648544e-02 -1.836634698715307878e-01 3.001010114173100624e-02 1.904073128247287527e-01 3.417213913626745286e-02 -1.750490480443838426e-01 -1.325143009589550003e-01 8.571356425182993788e-02 1.999294638536526780e-01 9.399831336943091642e-02 -1.048749896598461379e-01
1.800000000000000000e+01 -1.335580572198395884e-02 -1.879948854880695297e-01 -7.532514887801544656e-03 1.863209932907803346e-01 6.963951265139498026e-02 -1.553700987790492261e-01 -1.559562341953112108e-01 5.139927598217507859e-02 1.959334488481140613e-01 1.227637896605929674e-01 -7.316965918752110776e-02
1.819999999999999929e+01 2.405229240960813156e-02 -1.848479366856395911e-01 -4.436525248495314100e-02 1.750973317438916654e-01 1.020896475653569752e-01 -1.302227613854929911e-01 -1.736406153595838886e-01 1.573444356598715718e-02 1.857440334872662857e-01 1.475570144447963805e-01 -3.980852469570945323e-02
1.840000000000000213e+01 6.009789204224764286e-02 -1.744283306317674642e-01 -7.905749319787454266e-02 1.572419190670121536e-01 1.303320320240741459e-01 -1.005758181869799289e-01 -1.849928027778675876e-01 -2.007166188554240782e-02 1.697208861258244772e-01 1.676550411253897310e-01 -5.710519807508461845e-03
1.860000000000000142e+01 9.337081627746192380e-02 -1.572253530293646895e-01 -1.102767682161032853e-01 1.335099190043962381e-01 1.533444840239730211e-01 -6.755530221989171358e-02 -1.896645389809040461e-01 -5.480891647746570505e-02 1.484105158258223478e-01 1.824738763276354536e-01 2.817710642672807339e-02
1.880000000000000071e+01 1.225853443626673256e-01 -1.339897194139821890e-01 -1.368395698322399101e-01 1.048749173220162589e-01 1.703102881265003976e-01 -3.240245428946290918e-02 -1.875456361528104743e-01 -8.730752623360761577e-02 1.225293932128899144e-01 1.915878608828756324e-01 6.090579273879950795e-02
1.900000000000000000e+01 1.466294396596513061e-01 -1.057014311424090969e-01 -1.577559060956943704e-01 7.248966143805238294e-02 1.806473781287635527e-01 3.572392510900687396e-03 -1.787671715440789788e-01 -1.164779745387400367e-01 9.294129556816528581e-02 1.947443287014055391e-01 9.155333162263995517e-02
1.920000000000000284e+01 1.646066590767928106e-01 -7.352898830426519983e-02 -1.722659286918204191e-01 3.764025316013595857e-02 1.840285078043628897e-01 3.903829175834857418e-02 -1.636960641802230054e-01 -1.413483318709879422e-01 6.062957219096098277e-02 1.918729753634554336e-01 1.192513422122784550e-01
1.940000000000000213e+01 1.758691780862915721e-01 -3.878163553798583130e-02 -1.798672848427849413e-01 1.695597426071413253e-03 1.803916964178585991e-01 7.269273099366409252e-02 -1.429212165242172983e-01 -1.610976071942108734e-01 2.666521133251874634e-02 1.830895340663912796e-01 1.432116759455762389e-01
1.960000000000000142e+01 1.800407274324571927e-01 -2.856572403405167708e-03 -1.803322144123964965e-01 -3.394592033381860219e-02 1.699406061469418139e-01 1.033094330468560668e-01 -1.172317117352805471e-01 -1.750839504358033261e-01 -7.828252861721821457e-03 1.686935399364385968e-01 1.627508915788592747e-01
1.980000000000000071e+01 1.770286431451428555e-01 3.281676178387683135e-02 -1.737138187225290287e-01 -6.791046253590289627e-02 1.531348906813463362e-01 1.297831456394771821e-01 -8.758784742908513887e-02 -1.828666895358924127e-01 -4.171183204073779238e-02 1.491601585938820695e-01 1.773119762169942382e-01
2.000000000000000000e+01 1.670246643405832454e-01 6.683312417584991172e-02 -1.603413519229982265e-01 -9.890139456044955146e-02 1.306709335548633666e-01 1.511697679823948981e-01 -5.508604956366592448e-02 -1.842213977205944542e-01 -7.386892884075017818e-02 1.251262546479942894e-01 1.864825580239450331e-01
