-5.000000000000000000e+01 1.151336924781337747e-05
-4.900000000000000000e+01 4.314627752456247725e-05
-4.800000000000000000e+01 1.524424853455240533e-04
-4.700000000000000000e+01 5.056466697193241636e-04
-4.600000000000000000e+01 1.566756191700178179e-03
-4.500000000000000000e+01 4.507973143721246898e-03
-4.400000000000000000e+01 1.195716323946356338e-02
-4.300000000000000000e+01 2.897208392677673439e-02
-4.200000000000000000e+01 6.337025497015594255e-02
-4.100000000000000000e+01 1.231165280015975444e-01
-4.000000000000000000e+01 2.074861066333587023e-01
-3.900000000000000000e+01 2.918556852651199018e-01
-3.800000000000000000e+01 3.178541268438571099e-01
-3.700000000000000000e+01 2.167109176850514907e-01
-3.600000000000000000e+01 -1.445884208478504483e-02
-3.500000000000000000e+01 -2.340615281867935715e-01
-3.400000000000000000e+01 -2.196026861020085041e-01
-3.300000000000000000e+01 5.837937930518673907e-02
-3.200000000000000000e+01 2.546303136851205684e-01
-3.100000000000000000e+01 4.347274616886149384e-02
-3.000000000000000000e+01 -2.459357644513482655e-01
-2.900000000000000000e+01 -4.347274616886149384e-02
-2.800000000000000000e+01 2.546303136851205684e-01
-2.700000000000000000e+01 -5.837937930518673907e-02
-2.600000000000000000e+01 -2.196026861020085041e-01
-2.500000000000000000e+01 2.340615281867935715e-01
-2.400000000000000000e+01 -1.445884208478504483e-02
-2.300000000000000000e+01 -2.167109176850514907e-01
-2.200000000000000000e+01 3.178541268438571099e-01
-2.100000000000000000e+01 -2.918556852651199018e-01
-2.000000000000000000e+01 2.074861066333587023e-01
-1.900000000000000000e+01 -1.231165280015975444e-01
-1.800000000000000000e+01 6.337025497015594255e-02
-1.700000000000000000e+01 -2.897208392677673439e-02
-1.600000000000000000e+01 1.195716323946356338e-02
-1.500000000000000000e+01 -4.507973143721246898e-03
-1.400000000000000000e+01 1.566756191700178179e-03
-1.300000000000000000e+01 -5.056466697193241636e-04
-1.200000000000000000e+01 1.524424853455240533e-04
-1.100000000000000000e+01 -4.314627752456247725e-05
-1.000000000000000000e+01 1.151336924781337747e-05
1.000000000000000000e+01 1.151336924781337747e-05
1.100000000000000000e+01 -4.314627752456247725e-05
1.200000000000000000e+01 1.524424853455240533e-04
1.300000000000000000e+01 -5.056466697193241636e-04
1.400000000000000000e+01 1.566756191700178179e-03
1.500000000000000000e+01 -4.507973143721246898e-03
1.600000000000000000e+01 1.195716323946356338e-02
1.700000000000000000e+01 -2.897208392677673439e-02
1.800000000000000000e+01 6.337025497015594255e-02
1.900000000000000000e+01 -1.231165280015975444e-01
2.000000000000000000e+01 2.074861066333587023e-01
2.100000000000000000e+01 -2.918556852651199018e-01
2.200000000000000000e+01 3.178541268438571099e-01
2.300000000000000000e+01 -2.167109176850514907e-01
2.400000000000000000e+01 -1.445884208478504483e-02
2.500000000000000000e+01 2.340615281867935715e-01
2.600000000000000000e+01 -2.196026861020085041e-01
2.700000000000000000e+01 -5.837937930518673907e-02
2.800000000000000000e+01 2.546303136851205684e-01
2.900000000000000000e+01 -4.347274616886149384e-02
3.000000000000000000e+01 -2.459357644513482655e-01
3.100000000000000000e+01 4.347274616886149384e-02
3.200000000000000000e+01 2.546303136851205684e-01
3.300000000000000000e+01 5.837937930518673907e-02
3.400000000000000000e+01 -2.196026861020085041e-01
3.500000000000000000e+01 -2.340615281867935715e-01
3.600000000000000000e+01 -1.445884208478504483e-02
3.700000000000000000e+01 2.167109176850514907e-01
3.800000000000000000e+01 3.178541268438571099e-01
3.900000000000000000e+01 2.918556852651199018e-01
4.000000000000000000e+01 2.074861066333587023e-01
4.100000000000000000e+01 1.231165280015975444e-01
4.200000000000000000e+01 6.337025497015594255e-02
4.300000000000000000e+01 2.897208392677673439e-02
4.400000000000000000e+01 1.195716323946356338e-02
4.500000000000000000e+01 4.507973143721246898e-03
4.600000000000000000e+01 1.566756191700178179e-03
4.700000000000000000e+01 5.056466697193241636e-04
4.800000000000000000e+01 1.524424853455240533e-04
4.900000000000000000e+01 4.314627752456247725e-05
5.000000000000000000e+01 1.151336924781337747e-05
