-1.500000000000000000e+01 2.497577302112346598e-04
-1.400000000000000000e+01 2.476638964109954821e-03
-1.300000000000000000e+01 1.956335398266841399e-02
-1.200000000000000000e+01 1.149034849319005014e-01
-1.100000000000000000e+01 4.400505857449335534e-01
-1.000000000000000000e+01 7.651976865579666054e-01
-9.000000000000000000e+00 -4.400505857449335534e-01
-8.000000000000000000e+00 1.149034849319005014e-01
-7.000000000000000000e+00 -1.956335398266841399e-02
-6.000000000000000000e+00 2.476638964109954821e-03
-5.000000000000000000e+00 -2.497577302112346598e-04
5.000000000000000000e+00 -2.497577302112346598e-04
6.000000000000000000e+00 2.476638964109954821e-03
7.000000000000000000e+00 -1.956335398266841399e-02
8.000000000000000000e+00 1.149034849319005014e-01
9.000000000000000000e+00 -4.400505857449335534e-01
1.000000000000000000e+01 7.651976865579666054e-01
1.100000000000000000e+01 4.400505857449335534e-01
1.200000000000000000e+01 1.149034849319005014e-01
1.300000000000000000e+01 1.956335398266841399e-02
1.400000000000000000e+01 2.476638964109954821e-03
1.500000000000000000e+01 2.497577302112346598e-04
