120 64
3 6
3 3 3 3 3 3 3 3 3 3 3 3 3 3 3 3 3 3 3 3 3 3 3 3 3 3 3 3 3 3 3 3 3 3 3 3 3 3 3 3 3 3 3 3 3 3 3 3 3 3 3 3 3 3 3 3 3 3 3 3 3 3 3 3 3 3 3 3 3 3 3 3 3 3 3 3 3 3 3 3 3 3 3 3 3 3 3 3 3 3 3 3 3 3 3 3 3 3 3 3 3 3 3 3 3 3 3 3 3 3 3 3 3 3 3 3 3 3 3 3 
6 6 6 6 6 6 6 6 6 6 6 6 6 6 6 6 6 6 6 6 6 6 6 6 6 6 6 6 6 6 6 6 6 6 6 6 6 6 6 6 5 5 5 5 5 5 5 5 5 5 5 5 5 5 5 5 5 5 5 5 5 5 5 5 
36 34 30 
17 64 28 
35 51 36 
40 32 2 
62 1 39 
29 10 52 
50 57 23 
32 6 18 
10 5 39 
28 26 37 
11 40 34 
36 49 9 
20 32 30 
17 8 24 
59 24 18 
52 62 54 
7 3 22 
22 13 12 
51 19 43 
5 49 21 
11 20 42 
33 59 5 
11 16 2 
6 64 35 
3 46 21 
38 37 15 
7 19 34 
58 63 3 
13 56 47 
41 31 37 
12 9 7 
39 53 25 
4 21 12 
9 57 40 
23 2 53 
26 25 10 
31 6 15 
48 1 24 
61 27 14 
29 33 54 
44 27 50 
16 17 58 
26 14 47 
55 18 8 
23 42 43 
4 16 14 
45 33 60 
25 60 35 
28 38 29 
45 38 27 
48 30 44 
41 55 46 
63 31 20 
15 61 56 
8 22 1 
4 19 13 
12 44 37 
20 19 25 
64 26 18 
32 21 39 
15 9 27 
48 38 58 
8 28 57 
29 24 15 
17 9 6 
1 60 61 
22 52 64 
1 32 14 
22 19 53 
28 10 54 
58 62 7 
48 49 11 
36 5 22 
63 56 16 
9 8 42 
30 3 11 
2 46 5 
12 57 20 
2 57 14 
17 52 18 
18 48 4 
59 49 40 
56 7 38 
26 21 24 
19 32 15 
43 31 29 
51 7 31 
35 44 54 
53 62 36 
27 29 16 
47 3 4 
50 33 21 
11 12 10 
50 35 5 
41 3 52 
55 37 59 
43 63 35 
63 44 60 
14 34 58 
38 39 60 
31 40 62 
6 8 59 
27 20 13 
40 23 36 
13 33 53 
23 51 34 
54 45 13 
34 26 55 
23 55 25 
46 1 6 
49 30 61 
56 10 51 
16 43 41 
47 17 2 
25 50 28 
24 37 30 
42 41 4 
64 39 33 
47 45 61 
42 45 46 
110 68 66 55 38 5 
114 79 77 35 23 4 
95 91 76 28 25 17 
117 91 81 56 46 33 
94 77 73 22 20 9 
110 102 65 37 24 8 
87 83 71 31 27 17 
102 75 63 55 44 14 
75 65 61 34 31 12 
112 93 70 36 9 6 
93 76 72 23 21 11 
93 78 57 33 31 18 
107 105 103 56 29 18 
99 79 68 46 43 39 
85 64 61 54 37 26 
113 90 74 46 42 23 
114 80 65 42 14 2 
81 80 59 44 15 8 
85 69 58 56 27 19 
103 78 58 53 21 13 
92 84 60 33 25 20 
73 69 67 55 18 17 
109 106 104 45 35 7 
116 84 64 38 15 14 
115 109 58 48 36 32 
108 84 59 43 36 10 
103 90 61 50 41 39 
115 70 63 49 10 2 
90 86 64 49 40 6 
116 111 76 51 13 1 
101 87 86 53 37 30 
85 68 60 13 8 4 
118 105 92 47 40 22 
108 106 99 27 11 1 
97 94 88 48 24 3 
104 89 73 12 3 1 
116 96 57 30 26 10 
100 83 62 50 49 26 
118 100 60 32 9 5 
104 101 82 34 11 4 
117 113 95 52 30 0 
120 117 75 45 21 0 
113 97 86 45 19 0 
98 88 57 51 41 0 
120 119 107 50 47 0 
120 110 77 52 25 0 
119 114 91 43 29 0 
81 72 62 51 38 0 
111 82 72 20 12 0 
115 94 92 41 7 0 
112 106 87 19 3 0 
95 80 67 16 6 0 
105 89 69 35 32 0 
107 88 70 40 16 0 
109 108 96 52 44 0 
112 83 74 54 29 0 
79 78 63 34 7 0 
99 71 62 42 28 0 
102 96 82 22 15 0 
100 98 66 48 47 0 
119 111 66 54 39 0 
101 89 71 16 5 0 
98 97 74 53 28 0 
118 67 59 24 2 0 
